k_20181007_test.txt
ncols         72
nrows         48
xllcorner     -2136015
yllcorner     2155725
cellsize      30
NODATA_value  -9999
282.4 282.4 282.2 282.1 282 281.9 281.9 282 282.1 282.2 282.3 282.4 282.1 281.8 281.7 281.6 281.7 281.9 282.2 282.5 282.8 283 283.1 283.1 283 282.5 282.1 281.9 281.8 281.8 281.8 281.7 281.7 281.7 281.8 281.9 281.9 282 282.1 282.2 282.2 282.2 282.1 282.1 281.9 281.7 281.5 281.4 281.3 281.3 281.2 281.2 281.3 281.3 281.4 281.3 281.4 281.5 281.6 281.5 281.4 281.3 281.2 281.2 281.4 281.4 281.4 281.3 281.1 281.1 281.6 281.9 
282.9 282.9 282.8 282.7 282.7 282.6 282.6 282.6 282.7 282.8 282.9 283.1 283 282.7 282.3 282.2 282.1 282.3 282.7 283.2 283.3 283.5 283.5 283.5 283.2 282.8 282.4 282.1 282 281.9 282 281.8 281.8 281.8 281.9 281.9 282 282 282 282.1 282 282 282 281.9 281.8 281.7 281.5 281.4 281.4 281.3 281.3 281.3 281.3 281.3 281.3 281.3 281.3 281.4 281.5 281.4 281.2 281.2 281.2 281.2 281.2 281.1 281.1 281.2 281.2 281.3 281.6 282 
283.5 283.3 283.2 283.1 283.2 283.3 283.3 283.3 283.3 283.4 283.7 283.8 283.7 283.2 282.9 282.7 282.7 282.9 283.3 283.7 284 284.2 284.1 283.8 283.3 282.9 282.5 282.3 282 282 282.1 282.1 282.1 281.9 282 282 282 282 282 281.9 281.9 281.8 281.8 281.8 281.7 281.6 281.6 281.5 281.5 281.5 281.5 281.5 281.5 281.5 281.4 281.3 281.3 281.3 281.3 281.3 281.2 281.2 281.1 281.1 281 281 281 281.2 281.1 281.3 281.8 282.2 
283.9 283.8 283.6 283.6 283.8 283.9 284 284 284 284.1 284.3 284.4 284.1 283.6 283.4 283.5 283.6 283.6 283.9 284 284.3 284.4 284.3 284.2 283.6 283.1 282.6 282.3 282.1 282 282.1 282.1 282.2 282.2 282.2 282.2 282.1 282 281.9 281.8 281.7 281.7 281.7 281.7 281.6 281.6 281.6 281.6 281.6 281.6 281.6 281.6 281.6 281.6 281.5 281.4 281.4 281.4 281.3 281.3 281.2 281.1 281 281 281 281.1 281.1 281.2 281.3 281.6 282 282.3 
284.1 284 283.9 283.9 284.1 284.3 284.4 284.5 284.6 284.7 284.8 284.7 284.2 283.7 283.7 283.9 284.1 284.2 284.4 284.7 284.9 284.8 284.5 284.2 283.7 283.1 282.9 282.4 282.3 282.2 282.2 282.3 282.2 282.2 282.2 282.1 282.1 282.1 281.9 281.7 281.6 281.6 281.6 281.6 281.5 281.6 281.6 281.7 281.7 281.8 281.8 281.8 281.8 281.7 281.6 281.5 281.4 281.4 281.4 281.4 281.3 281.1 281 281 281.1 281.1 281.3 281.3 281.5 281.8 282.1 282.3 
283.9 284.1 284 284.1 284.4 284.6 284.7 284.8 284.8 284.9 285 284.6 283.9 283.9 284.1 284.4 284.3 284.5 284.8 285 285.3 285.1 284.7 284.4 284 283.5 283 282.7 282.5 282.3 282.3 282.3 282.2 282.2 282.1 282.1 282.1 282 281.9 281.6 281.6 281.6 281.5 281.5 281.5 281.5 281.6 281.7 281.8 281.8 281.9 281.9 281.8 281.8 281.7 281.6 281.5 281.5 281.5 281.5 281.3 281.2 281.1 281.1 281.2 281.3 281.4 281.4 281.7 282 282.2 282.1 
283.8 284 284.1 284.4 284.6 284.8 284.8 284.8 284.8 284.9 284.6 284 283.7 283.6 283.9 284.2 284.4 284.8 285.1 285.2 285.4 285.3 284.8 284.4 284.1 283.6 283.2 283.1 282.7 282.5 282.5 282.4 282.4 282.2 282.1 282 282 281.9 281.7 281.5 281.5 281.5 281.5 281.5 281.5 281.7 281.8 281.8 281.8 281.9 281.9 281.9 281.9 281.9 281.8 281.7 281.7 281.6 281.6 281.5 281.4 281.2 281.1 281.2 281.4 281.5 281.5 281.5 281.8 281.9 282.1 282 
283.8 283.9 284.1 284.4 284.6 284.7 284.7 284.6 284.4 284.3 283.8 283.2 283.1 283.3 283.4 283.7 284 284.4 284.8 285.3 285.6 285.5 285 284.2 283.8 283.6 283.3 283.2 283 282.8 282.7 282.5 282.3 282.1 282 282 281.9 281.8 281.5 281.5 281.5 281.5 281.6 281.6 281.7 281.8 281.8 281.8 281.9 281.9 281.9 281.9 282 281.9 281.9 281.7 281.7 281.6 281.6 281.5 281.3 281.2 281.3 281.4 281.5 281.5 281.5 281.6 281.8 281.9 282 281.9 
283.8 283.9 284.1 284.3 284.5 284.5 284.4 284.2 284 283.6 282.9 282.4 282.5 282.8 283 283.3 283.7 284.1 284.4 284.8 285.1 285 284.6 284.1 283.7 283.4 283.3 283.2 283.1 283.2 282.9 282.6 282.2 282 282 282 281.9 281.8 281.7 281.6 281.6 281.6 281.6 281.7 281.8 281.9 281.9 281.9 281.8 281.9 281.8 281.9 281.9 282 281.9 281.8 281.7 281.6 281.5 281.4 281.3 281.2 281.4 281.5 281.6 281.6 281.5 281.7 281.7 281.8 281.9 281.9 
283.8 283.8 284 284.1 284.2 284.1 283.8 283.6 283.5 282.9 282.1 281.8 281.9 282.2 282.6 283.1 283.6 283.8 284.1 284.3 284.4 284.5 284.2 283.8 283.5 283.1 283 282.9 282.9 283 283 282.7 282.3 282.1 282 282 281.9 281.9 281.7 281.7 281.7 281.6 281.7 281.8 281.9 282 282 281.9 281.9 281.9 281.9 281.8 281.9 281.9 281.9 281.8 281.7 281.6 281.5 281.4 281.3 281.3 281.4 281.5 281.6 281.6 281.6 281.7 281.8 281.9 281.9 281.9 
283.6 283.6 283.7 283.8 283.7 283.5 283.3 283 282.8 282.3 281.7 281.5 281.7 282 282.5 283 283.6 284.2 284.4 284.4 284.1 284.1 284 283.7 283.4 283.2 282.9 282.8 282.7 282.8 282.7 282.4 282 281.9 282 281.9 281.9 281.9 281.7 281.7 281.6 281.7 281.8 281.9 282 282 281.9 281.9 281.9 281.9 281.9 281.8 281.9 281.8 281.8 281.8 281.7 281.5 281.4 281.3 281.3 281.3 281.4 281.5 281.5 281.5 281.5 281.7 281.8 282 282 282 
283.4 283.2 283.2 283.2 283.1 283 282.8 282.5 282.4 282 281.5 281.6 281.8 282 282.6 283.2 283.9 284.6 284.8 284.7 284.5 284.4 284.3 283.8 283.6 283.3 283 282.8 282.7 282.5 282.5 282.2 282 281.9 281.8 281.8 281.9 281.7 281.7 281.7 281.6 281.8 281.9 282 282 282 282 281.9 281.9 281.9 281.9 281.9 281.9 281.9 281.8 281.7 281.7 281.6 281.5 281.4 281.3 281.3 281.4 281.4 281.4 281.4 281.5 281.8 282 282.2 282.2 282.3 
283 282.9 282.7 282.8 282.7 282.7 282.5 282.3 282.2 282 281.6 281.8 282.1 282.4 283 283.6 284.4 285 285.3 285.4 285.2 284.9 284.6 284.4 284.2 283.9 283.6 283 282.8 282.6 282.5 282.3 282.1 281.9 281.8 281.9 281.9 281.7 281.7 281.7 281.6 281.8 282.1 282.1 282.1 282 282 281.9 281.9 281.9 282 282 281.9 281.9 281.8 281.7 281.7 281.6 281.5 281.4 281.4 281.3 281.4 281.4 281.4 281.4 281.6 281.8 282.1 282.2 282.4 282.5 
282.8 282.6 282.5 282.6 282.6 282.5 282.3 282.4 282.2 281.9 282 282.2 282.6 283 283.6 284.2 284.8 285.3 285.8 286.1 286.1 285.8 285.4 285 284.7 284.3 284 283.6 283.4 283.1 282.8 282.4 282.2 282 281.8 281.8 281.8 281.7 281.7 281.7 281.7 281.8 282 282.1 282 282 282 281.9 281.9 282 282 282 281.9 281.9 281.8 281.8 281.7 281.6 281.5 281.5 281.4 281.4 281.4 281.4 281.4 281.4 281.7 281.9 282.2 282.5 282.6 282.7 
282.8 282.6 282.6 282.6 282.5 282.4 282.4 282.5 282.3 282.2 282.4 282.7 283.1 283.6 284.3 284.9 285.4 285.8 286.3 286.6 286.8 286.7 286.3 285.8 285.3 284.8 284.3 284 283.7 283.5 283.1 283 282.7 282.3 281.8 281.8 281.7 281.7 281.7 281.6 281.7 281.9 282 282 282 282 281.9 281.9 281.9 281.9 281.9 281.9 281.9 281.8 281.8 281.7 281.7 281.6 281.6 281.5 281.4 281.4 281.3 281.3 281.4 281.4 281.8 282.1 282.4 282.7 282.9 283 
282.8 282.8 282.8 282.8 282.7 282.6 282.5 282.6 282.5 282.5 283 283.2 283.5 284.1 284.8 285.4 285.9 286.2 286.6 287 287.2 287.2 286.9 286.5 285.9 285.1 284.4 284.2 284 283.8 283.6 283.2 282.7 282.2 282 282 281.9 281.9 281.7 281.7 281.7 281.8 281.9 281.9 281.9 281.9 281.8 281.8 281.8 281.8 281.8 281.8 281.8 281.8 281.8 281.8 281.7 281.7 281.6 281.5 281.4 281.4 281.3 281.3 281.3 281.4 281.9 282.3 282.7 282.9 283.1 283.2 
282.7 282.8 283 283 283 282.9 282.8 282.8 282.9 283.1 283.3 283.6 283.9 284.7 285.2 285.7 286.1 286.4 286.5 286.7 286.9 287 287 286.7 286.1 285.3 284.6 284.3 284.2 284 283.9 283.4 282.8 282.3 282.1 282 281.9 281.9 282 281.9 282 282.1 281.8 281.8 281.8 281.8 281.7 281.7 281.7 281.7 281.7 281.7 281.7 281.7 281.7 281.7 281.8 281.7 281.7 281.6 281.5 281.4 281.3 281.3 281.3 281.5 281.9 282.2 282.6 282.9 283.2 283.2 
283 283.1 283.3 283.1 283.1 283.1 283.2 283.2 283.3 283.5 283.7 284 284.5 284.9 285.3 285.6 285.8 286.2 286.3 286.2 286.4 286.5 286.5 286.3 285.9 285.2 284.6 284.4 284.2 284 283.8 283.3 282.8 282.4 282 281.9 281.9 282 282 282 282 282 281.9 281.8 281.7 281.6 281.6 281.6 281.6 281.6 281.7 281.7 281.6 281.6 281.6 281.7 281.7 281.7 281.7 281.7 281.6 281.5 281.4 281.3 281.3 281.6 281.9 282.2 282.6 282.8 283 283 
282.9 283.1 283.4 283.5 283.5 283.6 283.6 283.4 283.6 283.9 284.1 284.4 284.8 285.2 285.3 285.4 285.5 285.6 285.7 285.6 285.5 285.7 285.7 285.6 285.3 284.8 284.5 284.5 284.2 284 283.6 283.1 282.7 282.3 281.9 281.7 281.8 281.9 281.9 282 282 281.9 281.8 281.7 281.5 281.5 281.5 281.5 281.5 281.6 281.6 281.7 281.7 281.6 281.6 281.6 281.7 281.7 281.7 281.7 281.5 281.3 281.2 281.3 281.4 281.7 282 282.2 282.5 282.8 282.9 282.8 
282.9 283.1 283.4 283.5 283.5 283.6 283.6 283.8 284 284.2 284.4 284.6 284.9 285.2 285.3 285.2 285.1 285.1 285.1 285 284.9 284.8 284.7 284.6 284.8 284.4 284.4 284.3 284 283.8 283.4 283 282.6 282.2 281.8 281.7 281.8 281.9 281.9 282 281.9 281.8 281.7 281.7 281.5 281.4 281.4 281.4 281.5 281.6 281.7 281.7 281.7 281.6 281.5 281.6 281.6 281.7 281.7 281.6 281.5 281.3 281.2 281.3 281.5 281.8 282 282.2 282.4 282.6 282.7 282.5 
282.8 283 283.2 283.4 283.4 283.4 283.5 283.7 284 284.2 284.5 285.1 285.3 285.6 285.3 285.1 284.7 284.6 284.6 284.6 284.4 284.2 284.1 283.9 283.8 283.7 283.7 283.6 283.7 283.5 283 282.5 282 281.7 281.6 281.7 281.8 281.9 281.9 281.9 281.9 281.7 281.7 281.6 281.4 281.3 281.3 281.3 281.4 281.6 281.7 281.7 281.8 281.8 281.7 281.7 281.6 281.6 281.7 281.5 281.4 281.2 281.2 281.3 281.6 281.7 281.9 282 282.2 282.4 282.4 282.2 
284.1 284.4 284.6 284.8 283.3 283.3 283.3 283.4 283.7 283.9 284.3 284.9 285.3 285.5 285.4 285.1 284.8 284.5 284.2 284.2 283.9 283.8 283.7 283.5 283.4 283.3 283.2 283.1 283 282.7 282.3 281.9 281.8 281.6 281.6 281.5 281.8 281.8 281.9 281.9 281.8 281.7 281.6 281.4 281.3 281.2 281.2 281.3 281.4 281.6 281.6 281.6 281.7 281.6 281.6 281.7 281.7 281.8 281.7 281.5 281.3 281.2 281.2 281.3 281.5 281.7 281.8 281.9 282 282.1 282.1 281.9 
284 284.2 284.4 284.6 284.7 283.6 283.5 283.1 283.3 283.6 284 284.7 285.1 285.3 285.4 285.2 284.9 284.6 284.3 284.1 283.8 283.5 283.4 283.2 283.2 283.2 282.9 282.7 282.6 282.3 282.1 281.7 281.5 281.3 281.2 281.4 281.6 281.7 281.7 281.8 281.7 281.7 281.6 281.3 281.2 281.2 281.2 281.2 281.3 281.5 281.5 281.5 281.6 281.6 281.6 281.7 281.7 281.8 281.6 281.4 281.3 281.3 281.3 281.3 281.4 281.5 281.6 281.7 281.8 281.8 281.7 281.6 
284.1 284.2 284.3 284.5 284.7 283.6 283.5 283.4 283.3 283.6 284 284.6 285 285.3 285.4 285.3 285 284.6 284.3 283.9 283.7 283.5 283.2 283.1 283.1 282.9 282.7 282.5 282.3 282 281.9 281.6 281.4 281.2 281.2 281.3 281.4 281.6 281.6 281.7 281.6 281.6 281.5 281.2 281 281 281.1 281.2 281.2 281.4 281.4 281.4 281.5 281.5 281.5 281.6 281.6 281.5 281.4 281.3 281.3 281.2 281.2 281.3 281.3 281.3 281.4 281.5 281.6 281.6 281.5 281.4 
284.3 284.4 284.5 284.6 283.6 283.6 283.6 283.5 283.6 283.8 283.9 284.1 284.7 285.1 285.6 285.4 285.1 284.7 284.5 284 283.6 283.3 283 283 282.9 282.7 282.4 282.2 282.1 281.9 281.7 281.5 281.3 281.2 281.2 281.3 281.4 281.5 281.6 281.6 281.7 281.7 281.5 281 280.9 281 281 281.1 281.2 281.3 281.3 281.5 281.4 281.4 281.4 281.5 281.6 281.5 281.4 281.4 281.3 281.2 281.2 281.2 281.2 281.2 281.2 281.4 281.4 281.4 281.3 281.3 
282.9 283 283.1 283.3 283.8 284 284.1 284 284.1 284.3 284.2 284.4 284.8 285.2 285.1 284.7 284.5 284.2 284.5 284 283.4 283.1 282.8 282.7 282.6 282.5 282.3 282.1 281.8 281.6 281.5 281.3 281.3 281.1 281.2 281.3 281.6 281.5 281.4 281.4 281.4 281.5 281.4 281.3 281.2 281.3 281 281.1 281.2 281.2 281.2 281.3 281.3 281.4 281.4 281.4 281.5 281.4 281.4 281.3 281.2 281.1 281.1 281 281 281 281.1 281.2 281.2 281.3 281.2 281.3 
283.2 283.3 283.4 283.5 284.1 284.3 284.5 284.4 284.5 284.6 284.5 284.6 284.8 285.1 285 284.6 284.2 284 284.1 283.8 283.3 282.8 282.6 282.4 282.2 282.2 282.2 281.9 281.6 281.5 281.3 281.2 281 281.1 281.2 281.4 281.5 281.4 281.4 281.5 281.4 281.4 281.4 281.3 281.3 281.3 281.4 281.4 281.1 281.2 281.1 281.2 281.3 281.3 281.3 281.4 281.4 281.3 281.3 281.2 281.1 281 281 280.9 280.9 280.8 280.9 281 281.1 281.2 281.2 281.3 
283.4 283.5 283.6 283.7 284.2 284.5 284.4 284.6 284.7 284.5 284.6 284.6 284.6 284.7 284.7 284.2 283.9 283.7 283.9 283.6 283.2 282.6 282.3 282 282 281.9 281.8 281.7 281.6 281.3 281.1 281 280.9 281.2 281.4 281.5 281.4 281.3 281.3 281.5 281.4 281.3 281.3 281.3 281.2 281.2 281.3 281.2 281.1 281.1 281.2 281.3 281.4 281.2 281.3 281.3 281.2 281.3 281.3 281.1 281 280.9 280.9 280.8 280.7 280.7 280.7 280.8 280.9 281 281.2 281.3 
283.6 283.7 283.7 284.1 284.2 284.4 284.4 284.5 284.5 284.3 284.3 284.2 284.2 284.2 284.2 283.9 283.6 283.5 283.6 283.4 282.9 282.4 282 281.7 281.6 281.6 281.7 281.6 281.5 281.1 281 280.9 281 281.2 281.4 281.4 281.3 281.3 281.3 281.3 281.3 281.1 281.1 281.2 281.2 281.2 281.2 281 281 281 281.1 281.1 281.2 281.2 281.2 281.3 281.3 281.2 281.2 280.9 280.7 280.7 280.6 280.6 280.6 280.5 280.5 280.6 280.8 280.9 281.1 281.3 
283.9 283.9 283.8 284.2 284.3 284.4 284.3 284.3 284.3 284.1 284 283.9 283.8 283.9 283.9 283.7 283.5 283.3 283 283.2 282.7 282.2 281.9 281.6 281.4 281.4 281.3 281.2 281.1 281 281 281 281.4 281.3 281.3 281.3 281.3 281.2 281.3 281.3 281.2 281 281 281 281 281.1 281.1 281 281.2 281 281.1 281.2 281.2 281.1 281.1 281.2 281.3 281.2 281.1 280.9 280.7 280.5 280.5 280.4 280.4 280.3 280.4 280.5 280.7 280.8 281.1 281.3 
284.1 284 283.9 284.3 284.3 284.3 284.1 284.1 284.1 284 283.9 283.7 283.6 283.7 283.7 283.6 283.4 283.1 282.8 282.5 282.2 281.8 281.8 281.5 281.3 281.2 281.1 281 281 281 280.9 281.1 281.4 281.6 281.5 281.2 281.2 281.1 281.2 281.2 281.1 281 281 281 281 281 281 281.1 281.2 281.2 281.3 281.3 281.2 281.1 281.1 281.2 281.2 281.2 281 280.7 280.5 280.4 280.5 280.4 280.4 280.3 280.3 280.4 280.5 280.7 280.9 281.1 
284.2 284.1 284.3 284.2 284.2 284 283.9 284 283.8 283.9 283.9 283.6 283.5 283.5 283.5 283.5 283.4 283 282.8 282.4 282 281.6 281.3 281.2 281 280.9 280.9 281 281 280.9 280.9 281.2 281.5 281.5 281.3 281.1 281.1 281.1 281.1 281 281.1 281.1 281 280.9 280.9 281 281.1 281.1 281.1 281.3 281.4 281.4 281.5 281.5 281.2 281.3 281.3 281.1 280.8 280.5 280.4 280.4 280.4 280.4 280.3 280.3 280.3 280.2 280.4 280.6 280.8 280.9 
284.2 284.1 284.2 284.2 284.1 283.8 283.9 283.8 283.6 283.7 283.8 283.6 283.3 283.2 283.3 283.3 283.3 283.1 282.8 282.2 281.6 281.3 281 280.9 280.9 280.8 280.8 280.9 280.9 280.9 281 281.5 281.6 281.5 281.1 281.1 281 281 281 280.9 280.9 280.9 280.9 280.9 280.9 281 281.1 281.2 281.2 281.2 281.3 281.4 281.5 281.6 281.5 281.6 281.4 281.1 280.6 280.4 280.4 280.4 280.4 280.4 280.3 280.3 280.2 280.2 280.2 280.3 280.6 280.6 
284.2 283.9 284 283.9 283.8 283.9 283.8 283.7 283.4 283.5 283.6 283.5 283.2 283.1 283.2 283.3 283.3 283.1 282.6 281.9 281.2 281 280.9 280.7 280.7 281 281 281 281 281 281.1 281.4 281.5 281.5 281 280.9 280.8 280.8 280.8 280.8 280.8 280.8 280.8 280.7 280.7 280.8 281.1 281.3 281.3 281.4 281.3 281.3 281.5 281.4 281.6 281.5 281.2 280.9 280.7 280.5 280.6 280.4 280.4 280.4 280.4 280.3 280.1 280 280.1 280.2 280.3 280.3 
284.3 284.1 284.1 283.9 283.8 283.6 283.5 284.5 284.4 283.4 283.4 283.5 283.3 283.2 283.3 283.4 283.2 283 282.4 281.7 281.2 280.9 280.8 280.7 280.7 280.8 280.9 281 281 281.1 281.2 281.5 281.4 281.1 280.9 280.8 280.9 280.7 280.7 280.8 280.7 280.7 280.7 280.6 280.6 280.8 281 281.1 281.1 281.2 281.2 281.4 281.4 281.5 281.6 281.4 281 280.8 280.6 280.7 280.5 280.6 280.7 280.6 280.5 280.3 280.1 280 280 280 280 280 
284.5 284.4 284.2 284 283.8 283.6 283.4 284.4 284.3 284.4 283.6 283.9 283.8 283.8 283.9 283.9 283.4 283 282.5 281.9 281.6 281.2 281 280.8 280.9 280.9 280.8 280.9 281 281.1 281.2 281.4 281.3 280.8 280.6 280.8 281 281.1 281 281 280.8 280.8 280.7 280.6 280.6 280.8 280.8 280.8 280.9 280.9 281 281.1 281.3 281.5 281.6 281.3 280.9 280.7 280.7 280.8 280.7 280.8 280.7 280.6 280.5 280.4 280.2 280.1 280 279.9 279.9 280 
284.7 284.5 284.4 284.2 283.9 283.6 283.2 284.3 284.3 284.6 283.9 284.2 284.5 284.8 284.9 284.9 284.2 283.7 283.1 282.5 282.1 281.7 281.5 281.2 281.1 281.1 281 281 281 281.1 281.3 281.3 281.1 280.8 280.7 280.9 281 281 281 281 281.1 281.1 281 280.9 280.5 280.6 280.5 280.4 280.4 280.6 280.8 281.1 281.2 281.5 281.2 281 280.7 280.7 280.8 280.8 280.7 280.8 280.8 280.7 280.6 280.5 280.4 280.3 280.1 280 280 280 
284.8 284.7 284.4 284.2 283.9 283.6 283.2 284.3 284.6 284.9 284.3 284.7 285.1 285.5 285.9 286 285.7 285.2 284.3 283.4 282.9 282.6 282.2 281.9 281.7 281.5 281.3 281.1 281.1 281.1 281.3 281.2 280.9 280.8 280.7 280.9 280.8 280.8 280.9 280.9 281 281.1 280.9 280.7 280.6 280.4 280.4 280.2 280.2 280.4 280.7 281.2 281.3 281.4 281.1 280.9 280.8 280.8 280.7 280.8 280.8 281 280.8 280.8 280.7 280.6 280.5 280.4 280.3 280.1 280 280 
284.7 284.7 284.5 284.3 284.1 283.6 283.5 283.7 284.1 284.4 284.8 285.3 285.7 286.1 286.6 286.9 286.9 286.6 285.8 285 284.3 283.7 283.1 282.7 282.4 282.1 281.8 281.5 281.3 281.3 281.3 281.1 280.7 280.7 280.7 280.7 280.8 280.7 280.7 280.7 280.7 280.7 280.7 280.6 280.6 280.4 280.4 280.1 279.9 280.1 280.5 281.2 281.3 281.2 281 280.9 281 280.9 280.8 280.9 281 281 280.9 280.9 280.9 280.7 280.6 280.5 280.4 280.2 280.1 280 
284.7 284.6 284.5 284.3 284.1 283.9 283.9 284.1 284.5 284.8 285.2 285.6 286 286.6 287 287.5 287.7 287.7 287.1 286.5 285.8 285 284.2 283.6 283.1 282.7 282.3 282.1 281.8 281.5 281.4 281.1 280.7 280.7 280.7 280.7 280.7 280.6 280.6 280.5 280.5 280.4 280.4 280.5 280.3 280.4 280.3 280.1 280 280.3 280.7 280.9 280.9 280.9 280.8 281 281.1 281 281 281 281 281 280.9 281 281 280.9 280.8 280.7 280.4 280.3 280.1 280 
284.6 284.7 284.5 284.4 284.1 284 284.2 284.6 285 285.3 285.6 285.9 286.3 286.8 287.3 287.7 288.2 288.4 288.1 287.7 287.1 286.3 285.6 284.9 284.1 283.5 282.9 282.5 282.1 281.9 281.7 281.2 281 280.8 280.7 280.8 280.8 280.7 280.6 280.5 280.4 280.2 280.4 280.4 280.4 280.4 280.4 280.2 280.4 280.6 280.9 280.9 280.9 280.9 280.9 280.9 280.9 280.8 281 281.1 281 281 280.8 280.9 280.9 280.9 280.8 280.6 280.4 280.2 280.1 279.9 
284.5 284.6 284.6 284.6 284.5 284.4 284.8 285.1 285.2 285.6 285.9 286.3 286.6 287 287.5 288 288.5 288.7 288.7 288.5 288.1 287.5 286.9 286.2 285.4 284.6 283.8 283.2 282.7 282.5 282 281.5 281.3 281 280.9 280.9 280.9 280.7 280.6 280.5 280.4 280.3 280.1 280.2 280.2 280.4 280.5 280.5 280.8 281.1 281.2 281.1 281 281 281 281 281 280.9 280.8 280.8 280.7 280.6 280.8 280.8 280.9 280.9 280.8 280.6 280.5 280.3 280.1 279.8 
284.2 284.4 284.6 284.7 284.6 284.6 284.8 285.2 285.6 285.9 286.2 286.6 286.9 287.3 287.7 288.3 288.8 289.1 289.4 289.2 288.8 288.3 287.8 287.3 286.7 285.8 285 284.2 283.5 283 282.5 282 281.6 281.2 281 280.9 280.9 280.8 280.8 280.7 280.6 280.3 280.2 280 280.3 280.5 280.6 280.8 281.2 281.4 281.4 281.2 281 281 281 281 280.8 280.9 280.7 280.7 280.6 280.6 280.7 280.8 280.8 280.8 280.9 280.7 280.5 280.3 280 279.8 
284 284.2 284.5 284.6 284.8 284.8 284.9 285.2 285.6 286 286.5 286.8 287.2 287.3 287.7 288.3 288.9 289.4 289.7 289.6 289.2 288.8 288.4 288 287.5 286.9 286.2 285.5 284.8 284.1 283.3 282.6 281.9 281.5 281.3 281 280.9 280.7 280.7 280.6 280.4 280.6 280.4 280.3 280.5 280.7 280.8 281.1 281.4 281.6 281.4 281.2 281 281 280.9 280.9 280.9 280.8 280.7 280.6 280.6 280.6 280.7 280.7 280.7 280.7 280.7 280.6 280.4 280.2 280 279.8 
283.7 283.9 284.4 284.6 284.8 284.9 285 285.2 285.6 286 286.5 286.9 287.2 287.3 287.4 288 288.7 289.3 289.9 290 289.5 289.1 288.8 288.4 288 287.6 287.1 286.7 286.3 285.6 284.7 283.6 282.4 281.8 281.5 281.2 280.9 280.7 280.6 280.7 280.5 280.5 280.6 280.8 280.9 281 281.1 281.3 281.4 281.6 281.5 281.2 281 280.9 280.9 281 281 280.9 280.7 280.6 280.5 280.5 280.6 280.7 280.7 280.6 280.6 280.6 280.5 280.2 279.9 279.8 
283.7 283.9 284.3 284.6 284.6 284.7 285.1 285.2 285.6 286 286.5 286.8 287 287 287.2 287.8 288.6 289.3 289.8 289.9 289.5 289.1 288.9 288.6 288.3 288 287.7 287.5 287.5 286.9 285.9 284.4 283.1 282.3 282 281.4 281.1 280.7 280.7 280.6 280.5 280.6 280.8 281.1 281.2 281.3 281.4 281.5 281.6 281.7 281.5 281.2 281.1 281 281 281 280.9 280.8 280.7 280.6 280.5 280.5 280.6 280.6 280.6 280.6 280.6 280.6 280.4 280.2 280 279.9 
283.8 284.2 284.3 284.6 284.6 284.9 285 285.4 285.7 286.1 286.4 286.7 286.9 286.9 287.2 287.8 288.5 289.1 289.3 289.2 289 288.9 288.8 288.6 288.4 288.2 288 288 288 287.7 286.6 285.3 284.1 283.1 282.5 281.9 281.4 281 280.8 280.7 280.7 280.9 281.2 281.3 281.3 281.4 281.6 281.7 281.8 281.8 281.6 281.4 281.2 281 281 280.9 280.9 280.8 280.8 280.7 280.5 280.5 280.6 280.7 280.6 280.5 280.5 280.4 280.3 280.1 280 280 
284 284.4 284.5 284.7 284.8 285.1 285.4 285.9 286.2 286.4 286.5 286.6 286.8 286.8 287.3 287.9 288.5 288.8 288.6 288.4 288.3 288.5 288.5 288.5 288.4 288.3 288.2 288.1 288.2 287.8 286.9 285.8 284.9 284.1 283.4 282.6 282 281.5 281.2 280.9 280.9 281.1 281.5 281.6 281.6 281.6 281.8 281.9 281.9 281.9 281.8 281.6 281.3 281.1 281 281 280.9 280.8 280.8 280.8 280.7 280.6 280.6 280.5 280.5 280.4 280.4 280.4 280.3 280.1 280 280.1 
